Digital 6	04 04 0A 4D 8D B2 BF 27 28 0C 02 5A 01
	Digital 5	01 09 04 07 4D 8D B2 BF 27 28 01
Digital 6	04 0F 04 00 01 09 04 
Digital 6	04 16 06 4D 8D B2 BF 27 28
	Digital 5	01 0D 04 17 4D 8D B2 BF 27 28 04 33 36 33 34 00 00 00 24 04 04 00 00 3A 00 60 25
Digital 6	04 0E 0A 01 0D 04 00 4D 8D B2 BF 27 28 
Digital 6	04 18 17 4D 8D B2 BF 27 28 67 8D 9E 2C 91 97 26 DE DB D0 AA F0 13 50 BC 6A 00 
Digital 6	04 03 0B 00 46 00 4D 8D B2 BF 27 28 01 00
	Digital 5	01 1A 0C 01 02 01
Digital 6	04 20 07 4D 8D B2 BF 27 28 00 
	Digital 5	19 04 0A 4D 8D B2 BF 27 28 00 00 00 00
	Digital 5	01 1B 04 02 46 00
Digital 6	04 0E 04 01 1A 0C 00
	Digital 5	01 0A 20 01 00
Digital 6	04 0F 04 00 01 19 04 
Digital 6	04 0F 04 00 00 1B 04 
Digital 6	04 0E 04 00 0A 20 00 
Digital 6	04 1B 03 46 00 05 
Digital 6	02 46 20 0A 00 06 00 01 00 0A 02 02 00 02 00
	Digital 5	02 46 00 10 00 0C 00 01 00 0B 02 08 00 02 00 00 00 00 00 00 80
Digital 6	04 0F 04 00 01 00 00 
Digital 6	04 07 FF 00 4D 8D B2 BF 27 28 47 61 6C 61 78 79 20 53 36 00 00 00 00 00 00 00 00 00 00 00 00 00 00 00 00 00 00 00 00 00 00 00 00 00 00 00 00 00 00 00 00 00 00 00 00 00 00 00 00 00 00 00 00 00 00 00 00 00 00 00 00 00 00 00 00 00 00 00 00 00 00 00 00 00 00 00 00 00 00 00 00 00 00 00 00 00 00 00 00 00 00 00 00 00 00 00 00 00 00 00 00 00 00 00 00 00 00 00 00 00 00 00 00 00 00 00 00 00 00 00 00 00 00 00 00 00 00 00 00 00 00 00 00 00 00 00 00 00 00 00 00 00 00 00 00 00 00 00 00 00 00 00 00 00 00 00 00 00 00 00 00 00 00 00 00 00 00 00 00 00 00 00 00 00 00 00 00 00 00 00 00 00 00 00 00 00 00 00 00 00 00 00 00 00 00 00 00 00 00 00 00 00 00 00 00 00 00 00 00 00 00 00 00 00 00 00 00 00 00 00 00 00 00 00 00 00 00 00 00 00 00 00 00 00 00 00 00 00 00 00 00 00 00 00 00 00 00 00 
Digital 6	04 13 05 01 46 00 01 00 
Digital 6	04 0B 0B 00 46 00 BF FE CF FE DB FF 7B 87 
Digital 6	04 38 04 46 00 40 1F 
Digital 6	02 46 20 0C 00 08 00 01 00 02 03 04 00 01 00 45 00
	Digital 5	02 46 00 10 00 0C 00 01 00 03 03 08 00 46 00 45 00 00 00 00 00 
	Digital 5	02 46 00 10 00 0C 00 01 00 04 07 08 00 45 00 00 00 01 02 28 01
Digital 6	04 13 05 01 46 00 01 00 
Digital 6	02 46 20 10 00 0C 00 01 00 04 04 08 00 46 00 00 00 01 02 A0 02
	Digital 5	02 46 00 12 00 0E 00 01 00 05 04 0A 00 45 00 00 00 00 00 01 02 A0 02
Digital 6	04 13 05 01 46 00 01 00 
Digital 6	02 46 20 0E 00 0A 00 01 00 05 07 06 00 46 00 00 00 00 00 
Digital 6	02 46 20 18 00 14 00 46 00 06 00 00 00 0F 35 03 19 12 00 02 90 35 05 0A 00 00 FF FF 00
	Digital 5	02 46 00 0F 00 0B 00 45 00 07 00 00 00 06 00 03 36 00 00 00
Digital 6	04 13 05 01 46 00 01 00 
Digital 6	04 13 05 01 46 00 01 00 
Digital 6	02 46 20 0C 00 08 00 01 00 06 05 04 00 46 00 45 00
Digital 6	02 46 20 0C 00 08 00 01 00 06 05 04 00 46 00 45 00
Digital 6	02 46 20 0C 00 08 00 01 00 02 06 04 00 01 00 48 00
	Digital 5	02 46 00 10 00 0C 00 01 00 03 06 08 00 47 00 48 00 00 00 00 00 
	Digital 5	02 46 00 10 00 0C 00 01 00 04 08 08 00 48 00 00 00 01 02 28 01
Digital 6	04 13 05 01 46 00 01 00 
Digital 6	02 46 20 10 00 0C 00 01 00 04 07 08 00 47 00 00 00 01 02 A0 02
	Digital 5	02 46 00 12 00 0E 00 01 00 05 07 0A 00 48 00 00 00 00 00 01 02 A0 02
Digital 6	04 13 05 01 46 00 01 00 
Digital 6	04 13 05 01 46 00 01 00 
Digital 6	02 46 20 0E 00 0A 00 01 00 05 08 06 00 47 00 00 00 00 00 
Digital 6	04 13 05 01 46 00 01 00 
Digital 6	02 46 20 18 00 14 00 47 00 06 00 00 00 0F 35 03 19 01 00 02 90 35 05 0A 00 00 FF FF 00
	Digital 5	02 46 00 66 00 62 00 48 00 07 00 00 00 5D 00 5A 36 00 57 36 00 54 09 00 00 0A 00 01 00 01 09 00 01 36 00 03 19 11 01 09 00 04 36 00 0E 36 00 03 19 01 00 36 00 05 19 00 03 08 01 09 00 05 36 00 03 19 10 02 09 00 06 36 00 09 09 65 6E 09 00 6A 09 01 00 09 00 09 36 00 09 36 00 06 19 11 01 09 01 00 09 01 00 25 03 53 50 50 00
Digital 6	04 13 05 01 46 00 01 00 
Digital 6	02 46 20 0C 00 08 00 01 00 06 08 04 00 47 00 48 00
	Digital 5	02 46 00 0C 00 08 00 01 00 07 08 04 00 47 00 48 00
Digital 6	04 13 05 01 46 00 01 00 
Digital 6	04 05 04 00 46 00 13
	Digital 5	01 1A 0C 01 03
Digital 6	04 0E 04 01 1A 0C 00
	Digital 5	01 08 20 20 12 02 01 01 0E 09 49 50 4F 53 30 31 38 38 33 36 33 34 00 00 00 00 00 00 00 00 00 00 00 00 00 00
Digital 6	04 0E 04 01 08 20 00
	Digital 5	01 09 20 20 1F 02 01 01 0E 09 49 50 4F 53 30 31 38 38 33 36 33 34 00 00 00 00 00 00 00 00 00 00 00 00 00 00
Digital 6	04 0E 04 01 09 20 00
	Digital 5	01 0A 20 01 01
Digital 6	04 0E 04 01 0A 20 00 
